36
52
100
46
77
34
88
23
46
33
66
90
65
2
73
26
53
34
14
97
1
79
98
81
70
47
68
55
23
37
84
28
85
51
56
99
95
29
25
65
88
59
40
46
92
60
35
38
18
30
55
23
69
6
29
90
63
21
91
35
22
7
74
78
68
98
43
78
73
32
51
36
38
47
14
18
89
91
16
46
42
28
28
62
52
40
53
37
49
82
11
5
35
12
54
28
63
86
25
41
27
50
69
79
26
92
84
49
54
53
12
28
13
26
75
6
51
43
19
19
38
16
57
89
93
10
86
51
41
75
26
57
6
6
38
3
31
56
65
38
96
97
15
14
96
68
2
58
73
73
58
25
12
16
71
77
64
97
45
13
17
79
25
32
33
34
8
69
18
80
56
98
61
86
24
7
51
89
34
16
47
43
73
95
31
53
35
49
34
96
89
63
30
67
59
60
73
96
66
11
92
19
38
34
81
55
81
26
72
76
83
87
51
4
55
91
47
79
27
13
25
69
56
37
45
92
64
94
31
33
15
72
91
1
82
52
50
80
25
82
53
61
49
21
70
51
22
3
56
47
3
79
30
58
83
94
84
48
38
50
68
29
78
71
89
15
1
87
26
82
76
74
82
42
47
79
78
56
82
77
71
58
99
46
77
46
52
75
78
46
22
27
47
9
22
93
34
19
14
60
54
55
47
6
51
21
50
14
42
28
25
67
16
37
62
28
16
48
62
88
45
21
17
63
100
59
13
6
8
79
36
61
19
13
73
39
7
73
69
87
60
92
35
13
51
31
7
92
34
24
26
13
95
60
17
2
27
70
90
98
12
26
1
51
18
71
73
60
6
37
46
5
12
96
32
43
18
28
97
28
91
18
88
43
59
56
70
100
8
8
69
45
72
45
2
97
65
44
28
80
14
30
84
79
42
50
35
5
15
10
46
42
84
22
71
38
42
91
69
47
55
12
69
1
80
84
57
26
13
73
96
53
20
97
92
14
69
75
53
12
91
25
50
76
35
63
48
8
98
35
57
18
76
9
66
13
49
89
3
5
5
75
39
26
74
68
57
22
14
90
97
28
70
84
44
50
4
19
37
28
41
79
69
45
69
63
68
60
2
65
17
49
52
23
88
7
57
58
51
58
60
22
22
65
98
83
79
30
26
58
25
65
69
88
89
19
47
43
17
19
76
65
54
49
30
45
18
65
71
77
44
80
32
32
90
16
17
56
30
25
75
98
7
45
16
81
41
16
75
20
19
60
63
93
15
34
8
49
65
49
54
79
64
42
4
77
61
1
57
41
26
100
52
2
63
27
34
37
96
44
44
82
90
52
68
49
44
43
97
78
53
37
23
23
61
99
32
94
6
51
66
84
3
24
98
85
52
23
96
19
11
16
63
88
42
12
89
81
41
41
26
81
53
3
39
69
14
52
9
1
48
10
50
62
85
35
30
58
31
23
24
35
90
57
79
29
75
65
36
78
5
40
44
20
72
21
98
90
48
1
48
37
25
58
52
25
91
37
8
89
4
61
42
13
69
21
23
27
12
38
58
75
6
62
42
93
53
79
47
21
90
43
87
14
82
69
44
79
64
15
20
92
90
93
56
7
31
44
75
57
48
71
6
92
74
19
7
84
13
29
26
18
35
74
23
3
82
89
52
73
24
82
94
43
19
11
56
27
39
20
61
87
25
62
17
94
17
16
95
43
4
62
33
56
54
33
69
39
49
32
4
32
52
45
41
14
57
75
46
92
96
97
74
53
38
31
27
74
63
83
34
84
88
97
17
44
9
61
30
57
29
18
99
98
93
97
10
44
44
72
98
9
38
7
15
50
60
6
2
68
31
34
47
13
55
8
91
66
7
90
20
43
85
17
9
8
86
40
86
21
73
99
28
80
39
9
62
56
94
44
96
89
20
43
3
81
47
70
75
47
76
53
83
25
5
33
97
90
20
25
93
98
80
76
2
30
50
71
69
72
51
71
45
84
29
54
95
54
25
29
65
48
56
24
58
74
45
2
68
86
14
20
39
33
67
76
65
58
61
62
77
98
49
41
66
26
98
12
36
22
44
100
18
81
31
77
55
39
96
23
38
99
21
8
77
53
49
84
93
24
86
84
68
22
44
36
99
21
77
13
88
21
70
88
71
51
74
77
66
5
69
9
35
70
62
99
90
40
22
86
70
46
75
17
27
46
82
73
64
41
18
94
12
82
6
33
85
22
21
89
94
74
9
69
19
73
76
78
10
46
61
73
99
32
50
96
38
25
72
47
